11
0.0 0.0 0.0 1.0
1.0 0.0 0.0 1.0
1.0 1.0 0.0 1.0
0.0 1.0 0.0 1.0
0.0 0.0 1.0 1.0
1.0 0.0 1.0 1.0
1.0 1.0 1.0 1.0
0.0 1.0 1.0 1.0
3.0 0.0 0.0 1.0
0.0 3.0 0.0 1.0
0.0 0.0 3.0 1.0
15
1 2 1
2 3 1
3 4 1
1 4 1
5 6 1
6 7 1
7 8 1
5 8 1
1 5 1
2 6 1
3 7 1
4 8 1
2 9 1
4 10 1
5 11 1
6 4
4 -3 -2 -1
5 6 7 -8
1 10 -5 -9
2 11 -6 -10
3 12 -7 -11
9 8 -12 -4
6 5
1 4 3 2 1
5 6 7 8 5
1 2 6 5 1
2 3 7 6 2
3 4 8 7 3
1 5 8 4 1












































































































