# ceci est un cube
11 15 6
# liste des sommets
1 0.0 0.0 0.0 1
2 1.0 0.0 0.0 1
3 1.0 1.0 0.0 1
4 0.0 1.0 0.0 1
5 0.0 0.0 1.0 1
6 1.0 0.0 1.0 1
7 1.0 1.0 1.0 1
8 0.0 1.0 1.0 1
9 3.0 0.0 0.0 1
10 0.0 3.0 0.0 1
11 0.0 0.0 3.0 1
# liste des aretes
1 1 2 1
2 2 3 1
3 3 4 1
4 1 4 1
5 5 6 1
6 6 7 1
7 7 8 1
8 5 8 1
9 1 5 1
10 2 6 1
11 3 7 1
12 4 8 1
13 2 9 1
14 4 10 1
15 5 11 1
# liste des faces 
1 1 4 3 2 1
2 5 6 7 8 5
3 1 2 6 5 1
4 2 3 7 6 2
5 3 4 8 7 3
6 1 5 8 4 1
# faar
4
4 -3 -2 -1
5 6 7 -8
1 10 -5 -9
2 11 -6 -10
3 12 -7 -11
9 8 -12 -4

